$ANSIBLE_VAULT;1.1;AES256
30646264343632643265396634316264346265366463323061306438366432306133313331656635
3030393964343661646138323063333030323939366136630a623962613166346335636138643761
39383936323839316466363164643565366435396233376262383631326133346363623030336664
3538303066643839300a373064323661336163386633303232373231323662366130323633373738
64383935333837643834656264353237333164373665336265663339303531353663323438306133
62333739613331653635653263613666646331343539343636353032346134396238363662626266
34303961396162313230396532623764383531656236316237383265363262373333363531363061
65656662613762623366623639383033383363633861646632386330393732393362343631356264
61626565616163336635633261376230613730373265616134333437643365366564313064373264
61656664323864383632313632343538663637613564346266363633303266323736636464666533
30333761646530396561303830353437353462366534373166353661653331376238333433306533
61313231623939376366636266363366626565333739396464363365373632383730373433366233
30343132316661623131376134646437386664306162343630383130386338643630373430303139
36663037383534663161326365383238373262663639373431616533393731656333316663613863
65366365373265343835646161313236623030626635386262383336653933333137343834336531
32613861623234643135653563303834363962356139376265343165366639303831343464316462
32343066636231623865353930333064663036653261323132323363623830613230326632366561
34386230616338346162343364666663316235613736323061303139653364396138623063393762
34343135653833333839656339643532396466366138316234316136393132313732386137656334
37396235633730346134323439316634323461326537633236343137666536656564656661636266
66353430623530316231313030613036343331356335333337326231386330343165363265636266
65326330633639363462396466643738656135656465613266333963646530363830656261643765
38353863303666663265366665306261663733636235333237633666386435333330356632323335
32366238623938656539383166316239653161666236383263363963643432373761356237346139
65373561383637623564363439396139373932653938323066373232326562366363373739623765
39303064626465323834666666363265316131663234323164333537613164336363333933306535
34373238316466666562323831363663303539306138333764306232663932653066366633323836
35663162643138633964383533323631386639643239396133376231383161366437333033316531
66353762333531343165366234663965376636663534643863613339623639633935636165623237
63303538643366323863323465396162316562306132356333616363356165333363656538323862
64336631386536346131373437333333616636633063303765316335333237343236613532336238
63343839383663646432626335316331616337383937353438623839343435373037643337336664
62656662663363383131373033343131326238333337613433623131663037613839
