$ANSIBLE_VAULT;1.1;AES256
33336431663234613433353034363232633934313061383636343335396330306233376135386636
6134376234353832393066636566666633623134303835330a323131383736313236666132666533
32333936353932383062376661366630666366353265326137343165623835613637386633636239
3263366235653531390a396562613834333362663537346335643165323833633538323761383539
34663962633733326632326437633061333266333638633562346334616366333164343763323966
39646438363363656165396661383735356236333735323434663063323832653036636262626436
39333963346563366666636432663634346530353162343533306532353431336466383764323262
33616536333635653031383232623362316632663237353932343437376366623061376530333561
31353739323538323434303439653434323364316363653030336265343362326563653334333862
35643866653335363366353362346235336339653664373435393536323363626230336430643236
63383362363434643062356334616261633839643163346166393731616239396436303164353836
63666462343262353038646530356265656538323462656662306334323063646362313338343039
63396432323836353065623864393533386165646131356566376135346664636133613539346665
66643130656532333832343665313030636362363861336134363837326266343865663264373030
64373533623164663231336563386339646131316362666162646663666234386239626234643665
32663833356463326139663037633632663139623832656235313266376464363664656139363562
34303338396364623862623437326631366364373730363535666263646265303030633634626565
33663038333638656231636631623031666364323866393763393036623564326261613561363463
30366538343137386465626539643364633733306133313961626461383861626237303135363130
65343134383535376434313434633961396366643837623263333238373162656166643233666466
39636135333465303964333937373131336164316166393064343432373539356336393362376131
61356338613732373338653865643061626565396130633034313935663666303862346330333164
31336161363631616434333638323534346537363535383763333730333236383632623530366661
65373539636561613130393361636531313533343136373637346130363933623638326535623035
35353932323862316539333864326331353631613536633664393765376164633337336134643935
34626538386262383532336133323065336130623836633561353235633733393030363738613731
38643030366564306531623932643762316538316464356165626230383233326532383263323532
30383632643635323636663563643765633361303663353861303931383763663633623762643066
37326234356134646638633333333737633736653263333634643463383335343732613636663330
33326466663833326133306139323738653336386232616365633864646664356237663330366262
39333962343966656337323365653631663539343131613764363630383965623965366665366464
39326137373531643235666661313338313965663934326164366365363864626532346535653734
38646562356131383565666636616638623039373937306564323361343937306261663835643564
32363534386663623864383861323430303335663163643032643031393534363333663831383561
31336136323037346536653338383832316361623062666665396634393733386235393933303761
38383232383362616465313365613834666464333438613964646564613234306162393634376634
65623331626365373461393735376333363030623339616333633930626530343562376264323065
63396638636135386365323231336634643265313366616561363138356239356337346336386137
63626161623339376135666462303737666164623262323761663539633465663361326135633638
34333763366532323161663931656134356434346330666630306463326337353230336332383937
65396264323663636466333036323965653936393238623931386337353730343862636631343932
3233663065356662613731633864303566383438663265626437
