$ANSIBLE_VAULT;1.1;AES256
38646235363235313737393135623462613561383363613964386330323739346135326534353438
3865633630616333306465643331373130323561346162640a393235316430333832613635343562
63613961306332353666393235633662663738323931346262396131653064303166333930376665
6231613336333566390a373162306464313735626536643433343165373662663561323765666333
61323233663631363236633863393433346136383266636238653362393566383130313935316461
64653330633038643565336239643038623437306365383461663034653332316165323036373834
35323161346465333532393063366161316134386432313635653633633764306633393234353338
65383735373163306362383135303062313033393865353632376437363334356564643064363034
35353964356336343238346365336665623264316534646535346132356230633337333137626265
36393430366638393932656330636162323661306365393636333064613561343363323435383866
63623132623965346138626130376631636363626462363466363836303764333239656636363466
33363861663439636333396231386334666533386664616664626262353737333162306639646265
39326239653063656265353033306662323862363032376230353563313635633934623038663333
63613666386538663239323665636230393766336630613561376636666538323830323639306161
33393233366235623864343234343439343162376635623238653666343335333063333064393733
32323764326162323938323364376663653133376562366230636565643338343663333938346664
30373862343435386230393634303963313966363931343236333936303565336134646165343161
33646133383863653335363338373465303138363033323163353761353863363633346433633065
62326666396362663931663439653264333032326239663365373139356439313035336131303838
64303435343065333761643736316632306565313331343161663563323339653231376161336631
36343736646536336530306639333930623634343331623835343066346130383338633466333066
35646133343762646139393133653663376439323634323532383263323836316362653632643437
34616334356434323465353965386235626565346162393736393366613137373039313663393166
61373837353663393930333632393862346137333435643634653161636561646663623934396465
66386132383330383735303631383539313864616138346535386437303131623561633332623738
33343562626166323836353131343330343036363666343164363563386632373831393537316466
61623638643535336666363465666334646165646536333435646130333565646238303535313034
35303036326166633733356463623030303665656530363031343133396561373632313362633839
36626436313432663336316533613538666232653764343864323936366430373530393261643861
38353762363530633433613161623333663065613730633365643035313834316365653465313063
38313930656331393461616565356437323830343536623936656334326361613234313833353233
31363766373430633336613539386536386130313637633965376664623232623830343231373738
38373563336632336236616365366263363134623436376162623861396462633333626133633062
34363334636634346536373430383433643433396366656564353762623062313264613330353131
32636136666239396261353637643763353861383336363764396436623261366532386632303662
30346437313735656237313136343363376465333663343230613034376564396463396363323037
32646639393436303664396663313562653832663532366463316663663339363661626165633538
35383764336537313764656564326461363563323734636261383663643865376532356234393466
61306434633934386362313963643139373339666664363132376466316532663839373637393662
63363864333032316236
